-32.85550731753874 -32.85959156372788 -32.85700938336374 -32.84811397015041 -32.8366415213347 -32.8279259891322 -32.82555115063612 -32.82823243479497 -32.83208581691588 -32.8349974069428 -32.83794545195832 -32.84339141523052 -32.85127630693567 
-32.84934654826533 -32.86053633084251 -32.86394505528492 -32.85758107017387 -32.84369040940123 -32.82797774861997 -32.81737411629634 -32.81545110083431 -32.81840344637728 -32.82096724771766 -32.82317301189711 -32.82944908713843 -32.84152338736781 
-32.83932763244869 -32.85659299901491 -32.86728722534106 -32.86692563902348 -32.85541604951492 -32.83710992062966 -32.81935360034204 -32.82566354960765 -32.80923415073686 -32.81133041667175 -32.81219788223737 -32.81655109163574 -32.82936722539417 
-32.82717171048611 -32.84711107990205 -32.86383546564072 -32.87077941931908 -32.86524993307542 -32.84934101715439 -32.82922199012437 -32.81312192588772 -32.80699151536833 -32.80750184794634 -32.80744904109822 -32.80832051655477 -32.8176167174428 
-32.81720404589599 -32.83490320877259 -32.85406474938447 -32.8669916820124 -32.86876683730578 -32.85887062413802 -32.84134685717138 -32.82342252911071 -32.81258310602838 -32.81008844032484 -32.80941423749046 -32.80764660685577 -32.81081415262169 
-32.81478888288373 -32.82546258207272 -32.84206079100397 -32.85735363291709 -32.86512226965066 -32.86252425381076 -32.85107096575472 -32.8360268714318 -32.82418329145649 -32.81913952833347 -32.81743617111816 -32.81475682031196 -32.81294839744054 
-32.82241146220405 -32.82479597252365 -32.83424918814315 -32.8470243275512 -32.85726969077223 -32.86067952755273 -32.85641887696224 -32.84734278584999 -32.83836450863751 -32.83302510317887 -32.8303695504729 -32.82738939569103 -32.82367373269577 
-32.83609980541067 -32.83387062979285 -32.83587490036875 -32.84244319951235 -32.8507277649408 -32.85682047924176 -32.85836727252943 -32.85584389147642 -32.85176419230601 -32.84835077672351 -32.84563176968571 -32.8423741645563 -32.8383158689695 
-32.84931438715118 -32.84588658228894 -32.84437306980844 -32.84570709226044 -32.84977575785075 -32.85495933961636 -32.8591806555125 -32.86136977571807 -32.86180197709298 -32.86107803710705 -32.85917955468528 -32.85588838368629 -32.85169017730354 
-32.85771799408728 -32.85383288982703 -32.8512951506987 -32.85055786995436 -32.85183477313569 -32.85496737687527 -32.85916601105222 -32.86329697640729 -32.86640054112672 -32.86781148401473 -32.86710196098382 -32.8643216928072 -32.8602043533344 
-32.86051633532855 -32.85619549554216 -32.85241830284754 -32.85028330327864 -32.85025259168202 -32.85217649640873 -32.85565306867752 -32.85997210663471 -32.86402194312507 -32.86665272662987 -32.86722882496733 -32.86579899913035 -32.86275730811026 
-32.85978474161656 -32.85640620122685 -32.85114981544004 -32.84600223084185 -32.84319499507336 -32.84360118810959 -32.84647767505311 -32.85057130966496 -32.85467837008451 -32.8578058706353 -32.85969539644006 -32.8606894152186 -32.86062801945039 
-32.8575536185455 -32.85812756913361 -32.85352816534658 -32.84514391125656 -32.83678701000827 -32.83237478421603 -32.83306030102555 -32.83670003819483 -32.84066425307734 -32.84375168858951 -32.84658898915943 -32.85060681989721 -32.85544266916433 
