-15 8.157696740340725e-11 -1.045630549478487e-10 -9.803269307440132e-13 
-15 -8.157696740340725e-11 1.045630549478487e-10 9.803269307440132e-13 
-15 0 0 0 
-14.9 1.903815993742342e-10 -8.456557234782278e-11 -1.135203042679223e-12 
-14.9 -1.903815993742342e-10 8.456557234782278e-11 1.135203042679223e-12 
-14.9 0 0 0 
-14.8 2.430233791983483e-10 -8.749261721392402e-11 -1.442179708988078e-12 
-14.8 -2.430233791983483e-10 8.749261721392402e-11 1.442179708988078e-12 
-14.8 0 0 0 
-14.7 3.675093562804932e-10 -1.956523614615026e-10 -2.009503674571533e-12 
-14.7 -3.675093562804932e-10 1.956523614615026e-10 2.009503674571533e-12 
-14.7 0 0 0 
-14.6 1.600108934241007e-10 -1.325318969606121e-10 -1.311728503594622e-12 
-14.6 -1.600108934241007e-10 1.325318969606121e-10 1.311728503594622e-12 
-14.6 0 0 0 
-14.5 1.666528026689207e-10 -1.247552290127514e-10 -2.300937218535637e-12 
-14.5 -1.666528026689207e-10 1.247552290127514e-10 2.300937218535637e-12 
-14.5 0 0 0 
-14.4 2.382999353400805e-10 -2.330099638540803e-10 -2.059463710679665e-12 
-14.4 -2.382999353400805e-10 2.330099638540803e-10 2.059463710679665e-12 
-14.4 0 0 0 
-14.3 2.540234689263343e-10 -2.398783333145925e-10 -4.556910404573955e-12 
-14.3 -2.540234689263343e-10 2.398783333145925e-10 4.556910404573955e-12 
-14.3 0 0 0 
-14.2 5.315037299169489e-10 -3.75015013664161e-10 -5.607736497381666e-12 
-14.2 -5.315037299169489e-10 3.75015013664161e-10 5.607736497381666e-12 
-14.2 0 0 0 
-14.1 3.83197362729959e-10 -2.979258290814757e-10 -4.373168493998492e-12 
-14.1 -3.83197362729959e-10 2.979258290814757e-10 4.373168493998492e-12 
-14.1 0 0 0 
-14 4.649924889577051e-10 -4.475069675278203e-10 -4.461431224456192e-12 
-14 -4.649924889577051e-10 4.475069675278203e-10 4.461431224456192e-12 
-14 0 0 0 
-13.9 6.737777002996381e-10 -5.606529329010638e-10 -5.955791415601652e-12 
-13.9 -6.737777002996381e-10 5.606529329010638e-10 5.955791415601652e-12 
-13.9 0 0 0 
-13.8 2.364941575905277e-11 2.907811233482351e-12 -6.269429420058259e-12 
-13.8 -2.364941575905277e-11 -2.907811233482351e-12 6.269429420058259e-12 
-13.8 0 0 0 
-13.7 1.247186243169551e-09 -1.15549659170554e-09 -9.422462809993704e-12 
-13.7 -1.247186243169551e-09 1.15549659170554e-09 9.422462809993704e-12 
-13.7 0 0 0 
-13.6 1.361557533385849e-09 -1.293738914938385e-09 -8.75854944126786e-12 
-13.6 -1.361557533385849e-09 1.293738914938385e-09 8.75854944126786e-12 
-13.6 0 0 0 
-13.50000000000001 2.375702412571457e-09 -2.110062956149712e-09 -9.516276655574529e-12 
-13.50000000000001 -2.375702412571457e-09 2.110062956149712e-09 9.516276655574529e-12 
-13.50000000000001 0 0 0 
-13.40000000000001 6.622801751454688e-09 -4.41374657411939e-09 -1.376010416720419e-11 
-13.40000000000001 -6.622801751454688e-09 4.41374657411939e-09 1.376010416720419e-11 
-13.40000000000001 0 0 0 
-13.30000000000001 7.943277685606986e-07 -3.857442805179343e-07 -2.263633724908232e-11 
-13.30000000000001 -7.943277685606986e-07 3.857442805179343e-07 2.263633724908232e-11 
-13.30000000000001 0 0 0 
-13.20000000000001 0.000717591267124229 -0.0005006639945932384 -4.310218848502245e-11 
-13.20000000000001 -0.000717591267124229 0.0005006639945932384 4.310218848502245e-11 
-13.20000000000001 0 0 0 
-13.10000000000001 0.4466033997559327 -0.4463994895494656 -7.734091145294997e-11 
-13.10000000000001 -0.4466033997559327 0.4463994895494656 7.734091145294997e-11 
-13.10000000000001 0 0 0 
-13.00000000000001 0.9493407611095361 -0.949340760982089 -1.315703102022781e-10 
-13.00000000000001 -0.9493407611095361 0.949340760982089 1.315703102022781e-10 
-13.00000000000001 0 0 0 
-12.90000000000001 1.244253673579636 -1.244253673152465 -3.616296151420784e-10 
-12.90000000000001 -1.244253673579636 1.244253673152465 3.616296151420784e-10 
-12.90000000000001 0 0 0 
-12.80000000000001 1.465034485338722 -1.465034486119638 -6.416578379742077e-10 
-12.80000000000001 -1.465034485338722 1.465034486119638 6.416578379742077e-10 
-12.80000000000001 0 0 0 
-12.70000000000001 1.644626832059474 -1.644626832184448 -1.514201541930049e-09 
-12.70000000000001 -1.644626832059474 1.644626832184448 1.514201541930049e-09 
-12.70000000000001 0 0 0 
-12.60000000000001 1.798250392801769 -1.798250392332992 -0.7743034389059983 
-12.60000000000001 -1.798250392801769 1.798250392332992 0.7743034389059983 
-12.60000000000001 0 0 0 
-12.50000000000001 1.934819215255171 -1.934819213378552 -1.418749883938111 
-12.50000000000001 -1.934819215255171 1.934819213378552 1.418749883938111 
-12.50000000000001 0 0 0 
-12.40000000000001 -1.836312474485886 -1.836311412835557 -1.859179815750058 
-12.40000000000001 1.836312474485886 1.836311412835557 1.859179815750058 
-12.40000000000001 0 0 0 
-12.30000000000001 -2.106679474268885 -2.106679469538469 -2.205114535731884 
-12.30000000000001 2.106679474268885 2.106679469538469 2.205114535731884 
-12.30000000000001 0 0 0 
-12.20000000000001 -2.343350968622633 -2.343350966972415 -2.487750630935357 
-12.20000000000001 2.343350968622633 2.343350966972415 2.487750630935357 
-12.20000000000001 0 0 0 
-12.10000000000001 -2.55424406769536 -2.554244066717606 -2.722921223046298 
-12.10000000000001 2.55424406769536 2.554244066717606 2.722921223046298 
-12.10000000000001 0 0 0 
-12.00000000000001 -2.743145741842019 -2.743145740977941 -2.920865170462033 
-12.00000000000001 2.743145741842019 2.743145740977941 2.920865170462033 
-12.00000000000001 0 0 0 
-11.90000000000001 -2.912082994452535 -2.912082993718722 -3.088981102211989 
-11.90000000000001 2.912082994452535 2.912082993718722 3.088981102211989 
-11.90000000000001 0 0 0 
-11.80000000000001 -3.062541996234966 -3.06254199563837 -3.232893872483966 
-11.80000000000001 3.062541996234966 3.06254199563837 3.232893872483966 
-11.80000000000001 0 0 0 
-11.70000000000001 -3.196003661247153 -3.196003660961528 -3.356985759253974 
-11.70000000000001 3.196003661247153 3.196003660961528 3.356985759253974 
-11.70000000000001 0 0 0 
-11.60000000000001 -3.314074087673391 -3.314074087772348 -3.464717125390621 
-11.60000000000001 3.314074087673391 3.314074087772348 3.464717125390621 
-11.60000000000001 0 0 0 
-11.50000000000001 -3.4184304400828 -3.418430440210741 -3.558844965822326 
-11.50000000000001 3.4184304400828 3.418430440210741 3.558844965822326 
-11.50000000000001 0 0 0 
-11.40000000000001 -3.510722598238472 -3.510722598277343 -3.641581849063269 
-11.40000000000001 3.510722598238472 3.510722598277343 3.641581849063269 
-11.40000000000001 0 0 0 
-11.30000000000001 -3.592493820358269 -3.5924938203545 -3.714715245267184 
-11.30000000000001 3.592493820358269 3.5924938203545 3.714715245267184 
-11.30000000000001 0 0 0 
-11.20000000000001 -3.665135708551135 -3.665135708542575 -3.779698520475137 
-11.20000000000001 3.665135708551135 3.665135708542575 3.779698520475137 
-11.20000000000001 0 0 0 
-11.10000000000001 -3.729872235987592 -3.729872236087475 -3.837720916390761 
-11.10000000000001 3.729872235987592 3.729872236087475 3.837720916390761 
-11.10000000000001 0 0 0 
-11.00000000000001 -3.787762728213413 -3.787762728187853 -3.889761678231966 
-11.00000000000001 3.787762728213413 3.787762728187853 3.889761678231966 
-11.00000000000001 0 0 0 
-10.90000000000001 -3.839715061972545 -3.839715061930642 -3.936632126045163 
-10.90000000000001 3.839715061972545 3.839715061930642 3.936632126045163 
-10.90000000000001 0 0 0 
-10.80000000000001 -3.886503148087155 -3.886503148045326 -3.979008511766211 
-10.80000000000001 3.886503148087155 3.886503148045326 3.979008511766211 
-10.80000000000001 0 0 0 
-10.70000000000002 -3.928785187970152 -3.928785188002665 -4.017457807419076 
-10.70000000000002 3.928785187970152 3.928785188002665 4.017457807419076 
-10.70000000000002 0 0 0 
-10.60000000000002 -3.96712087769508 -3.967120877775422 -4.052458050017969 
-10.60000000000002 3.96712087769508 3.967120877775422 4.052458050017969 
-10.60000000000002 0 0 0 
-10.50000000000002 -4.001986755823308 -4.00198675582195 -4.084414477996095 
-10.50000000000002 4.001986755823308 4.00198675582195 4.084414477996095 
-10.50000000000002 0 0 0 
-10.40000000000002 -4.03378946616132 -4.033789466223674 -4.11367239955291 
-10.40000000000002 4.03378946616132 4.033789466223674 4.11367239955291 
-10.40000000000002 0 0 0 
-10.30000000000002 -4.062877004914044 -4.062877004903219 -4.140527511245428 
-10.30000000000002 4.062877004914044 4.062877004903219 4.140527511245428 
-10.30000000000002 0 0 0 
-10.20000000000002 -4.08954814813481 -4.089548148122 -4.165234217401267 
-10.20000000000002 4.08954814813481 4.089548148122 4.165234217401267 
-10.20000000000002 0 0 0 
-10.10000000000002 -4.114060305589351 -4.114060305627463 -4.188012374046439 
-10.10000000000002 4.114060305589351 4.114060305627463 4.188012374046439 
-10.10000000000002 0 0 0 
-10.00000000000002 -4.136636040912459 -4.136636040909949 -4.209052784794146 
-10.00000000000002 4.136636040912459 4.136636040909949 4.209052784794146 
-10.00000000000002 0 0 0 
-9.900000000000018 -4.157468479819521 -4.157468479816478 -4.228521702929005 
-9.900000000000018 4.157468479819521 4.157468479816478 4.228521702929005 
-9.900000000000018 0 0 0 
-9.800000000000018 -4.17672579815437 -4.176725798218695 -4.246564538011781 
-9.800000000000018 4.17672579815437 4.176725798218695 4.246564538011781 
-9.800000000000018 0 0 0 
-9.700000000000019 -4.194554951770455 -4.194554951776413 -4.263308922488685 
-9.700000000000019 4.194554951770455 4.194554951776413 4.263308922488685 
-9.700000000000019 0 0 0 
-9.600000000000019 -4.211084782562356 -4.211084782556906 -4.278867260786842 
-9.600000000000019 4.211084782562356 4.211084782556906 4.278867260786842 
-9.600000000000019 0 0 0 
-9.50000000000002 -4.226428613183952 -4.226428613235104 -4.293338857870627 
-9.50000000000002 4.226428613183952 4.226428613235104 4.293338857870627 
-9.50000000000002 0 0 0 
-9.40000000000002 -4.240686420357166 -4.240686420330711 -4.306811704408121 
-9.40000000000002 4.240686420357166 4.240686420330711 4.306811704408121 
-9.40000000000002 0 0 0 
-9.30000000000002 -4.253946660221725 -4.253946660246106 -4.31936398022341 
-9.30000000000002 4.253946660221725 4.253946660246106 4.31936398022341 
-9.30000000000002 0 0 0 
-9.200000000000021 -4.266287808384011 -4.26628780841367 -4.331065325574015 
-9.200000000000021 4.266287808384011 4.26628780841367 4.331065325574015 
-9.200000000000021 0 0 0 
-9.100000000000021 -4.27777966176602 -4.277779661725085 -4.341977920229184 
-9.100000000000021 4.27777966176602 4.277779661725085 4.341977920229184 
-9.100000000000021 0 0 0 
-9.000000000000021 -4.288484443480202 -4.288484443511772 -4.352157402753178 
-9.000000000000021 4.288484443480202 4.288484443511772 4.352157402753178 
-9.000000000000021 0 0 0 
-8.900000000000022 -4.298457743956076 -4.298457743976937 -4.361653656375504 
-8.900000000000022 4.298457743956076 4.298457743976937 4.361653656375504 
-8.900000000000022 0 0 0 
-8.800000000000022 -4.307749324029809 -4.307749324021382 -4.37051148301843 
-8.800000000000022 4.307749324029809 4.307749324021382 4.37051148301843 
-8.800000000000022 0 0 0 
-8.700000000000022 -4.316403803387941 -4.316403803397391 -4.378771183190507 
-8.700000000000022 4.316403803387941 4.316403803397391 4.378771183190507 
-8.700000000000022 0 0 0 
-8.600000000000023 -4.324461252003929 -4.32446125192501 -4.386469056342075 
-8.600000000000023 4.324461252003929 4.32446125192501 4.386469056342075 
-8.600000000000023 0 0 0 
-8.500000000000023 -4.331957699219474 -4.331957699250454 -4.393637833759012 
-8.500000000000023 4.331957699219474 4.331957699250454 4.393637833759012 
-8.500000000000023 0 0 0 
-8.400000000000023 -4.338925574454797 -4.33892557444614 -4.400307054022237 
-8.400000000000023 4.338925574454797 4.33892557444614 4.400307054022237 
-8.400000000000023 0 0 0 
-8.300000000000024 -4.3453940872889 -4.345394087277522 -4.406503389388784 
-8.300000000000024 4.3453940872889 4.345394087277522 4.406503389388784 
-8.300000000000024 0 0 0 
-8.200000000000024 -4.351389558580348 -4.351389558596527 -4.412250930079403 
-8.200000000000024 4.351389558580348 4.351389558596527 4.412250930079403 
-8.200000000000024 0 0 0 
-8.100000000000025 -4.356935707596032 -4.356935707594598 -4.417571432330131 
-8.100000000000025 4.356935707596032 4.356935707594598 4.417571432330131 
-8.100000000000025 0 0 0 
-8.000000000000025 -4.362053902054713 -4.362053902023161 -4.422484535133618 
-8.000000000000025 4.362053902054713 4.362053902023161 4.422484535133618 
-8.000000000000025 0 0 0 
-7.900000000000025 -4.366763376212949 -4.366763376195848 -4.427007949823245 
-7.900000000000025 4.366763376212949 4.366763376195848 4.427007949823245 
-7.900000000000025 0 0 0 
-7.800000000000026 -4.371081421024936 -4.371081421044751 -4.431157626009716 
-7.800000000000026 4.371081421024936 4.371081421044751 4.431157626009716 
-7.800000000000026 0 0 0 
-7.700000000000026 -4.375023550320867 -4.375023550324192 -4.434947896841871 
-7.700000000000026 4.375023550320867 4.375023550324192 4.434947896841871 
-7.700000000000026 0 0 0 
-7.600000000000026 -4.378603645269392 -4.378603645266845 -4.438391606111864 
-7.600000000000026 4.378603645269392 4.378603645266845 4.438391606111864 
-7.600000000000026 0 0 0 
-7.500000000000027 -4.381834080913606 -4.381834080938964 -4.441500219344158 
-7.500000000000027 4.381834080913606 4.381834080938964 4.441500219344158 
-7.500000000000027 0 0 0 
-7.400000000000027 -4.384725835915223 -4.384725835907473 -4.44428392068522 
-7.400000000000027 4.384725835915223 4.384725835907473 4.44428392068522 
-7.400000000000027 0 0 0 
-7.300000000000027 -4.387288587608371 -4.387288587577785 -4.446751697136343 
-7.300000000000027 4.387288587608371 4.387288587577785 4.446751697136343 
-7.300000000000027 0 0 0 
-7.200000000000028 -4.389530794522274 -4.389530794530478 -4.448911411436976 
-7.200000000000028 4.389530794522274 4.389530794530478 4.448911411436976 
-7.200000000000028 0 0 0 
-7.100000000000028 -4.39145976675265 -4.391459766807484 -4.450769864703677 
-7.100000000000028 4.39145976675265 4.391459766807484 4.450769864703677 
-7.100000000000028 0 0 0 
-7.000000000000028 -4.393081726031799 -4.393081726036185 -4.452332849754192 
-7.000000000000028 4.393081726031799 4.393081726036185 4.452332849754192 
-7.000000000000028 0 0 0 
-6.900000000000029 -4.394401855755332 -4.394401855728727 -4.453605195892933 
-6.900000000000029 4.394401855755332 4.394401855728727 4.453605195892933 
-6.900000000000029 0 0 0 
-6.800000000000029 -4.395424342587149 -4.395424342602977 -4.454590805798412 
-6.800000000000029 4.395424342587149 4.395424342602977 4.454590805798412 
-6.800000000000029 0 0 0 
-6.700000000000029 -4.396152409495492 -4.396152409532722 -4.455292685032659 
-6.700000000000029 4.396152409495492 4.396152409532722 4.455292685032659 
-6.700000000000029 0 0 0 
-6.60000000000003 -4.39658834082871 -4.396588340851447 -4.455712964583268 
-6.60000000000003 4.39658834082871 4.396588340851447 4.455712964583268 
-6.60000000000003 0 0 0 
-6.50000000000003 -4.396733500172748 -4.396733500159167 -4.455852916748579 
-6.50000000000003 4.396733500172748 4.396733500159167 4.455852916748579 
-6.50000000000003 0 0 0 
-6.400000000000031 -4.396588340846257 -4.396588340799907 0 
-6.400000000000031 4.396588340846257 4.396588340799907 -0 
-6.400000000000031 0 0 0 
-6.300000000000031 -0 0 0 
-6.300000000000031 0 -0 -0 
-6.300000000000031 0 0 0 
-6.200000000000031 -0 0 0 
-6.200000000000031 0 -0 -0 
-6.200000000000031 0 0 0 
-6.100000000000032 -0 0 0 
-6.100000000000032 0 -0 -0 
-6.100000000000032 0 0 0 
-6.000000000000032 -0 0 0 
-6.000000000000032 0 -0 -0 
-6.000000000000032 0 0 0 
-5.900000000000032 -0 0 0 
-5.900000000000032 0 -0 -0 
-5.900000000000032 0 0 0 
-5.800000000000033 -0 0 0 
-5.800000000000033 0 -0 -0 
-5.800000000000033 0 0 0 
-5.700000000000033 -0 0 0 
-5.700000000000033 0 -0 -0 
-5.700000000000033 0 0 0 
-5.600000000000033 -0 0 0 
-5.600000000000033 0 -0 -0 
-5.600000000000033 0 0 0 
-5.500000000000034 -0 0 0 
-5.500000000000034 0 -0 -0 
-5.500000000000034 0 0 0 
-5.400000000000034 -0 0 0 
-5.400000000000034 0 -0 -0 
-5.400000000000034 0 0 0 
-5.300000000000034 -0 0 0 
-5.300000000000034 0 -0 -0 
-5.300000000000034 0 0 0 
-5.200000000000035 -0 0 0 
-5.200000000000035 0 -0 -0 
-5.200000000000035 0 0 0 
-5.100000000000035 -0 0 0 
-5.100000000000035 0 -0 -0 
-5.100000000000035 0 0 0 
-5.000000000000036 -0 0 0 
-5.000000000000036 0 -0 -0 
-5.000000000000036 0 0 0 
-4.900000000000036 -0 0 0 
-4.900000000000036 0 -0 -0 
-4.900000000000036 0 0 0 
-4.800000000000036 -0 0 0 
-4.800000000000036 0 -0 -0 
-4.800000000000036 0 0 0 
-4.700000000000037 -0 0 0 
-4.700000000000037 0 -0 -0 
-4.700000000000037 0 0 0 
-4.600000000000037 -0 0 0 
-4.600000000000037 0 -0 -0 
-4.600000000000037 0 0 0 
-4.500000000000037 -0 0 0 
-4.500000000000037 0 -0 -0 
-4.500000000000037 0 0 0 
-4.400000000000038 -0 0 0 
-4.400000000000038 0 -0 -0 
-4.400000000000038 0 0 0 
-4.300000000000038 -0 0 0 
-4.300000000000038 0 -0 -0 
-4.300000000000038 0 0 0 
-4.200000000000038 -0 0 0 
-4.200000000000038 0 -0 -0 
-4.200000000000038 0 0 0 
-4.100000000000039 -0 0 0 
-4.100000000000039 0 -0 -0 
-4.100000000000039 0 0 0 
-4.000000000000039 -0 0 0 
-4.000000000000039 0 -0 -0 
-4.000000000000039 0 0 0 
-3.900000000000039 -0 0 0 
-3.900000000000039 0 -0 -0 
-3.900000000000039 0 0 0 
-3.800000000000039 -0 0 0 
-3.800000000000039 0 -0 -0 
-3.800000000000039 0 0 0 
-3.700000000000039 -0 0 0 
-3.700000000000039 0 -0 -0 
-3.700000000000039 0 0 0 
-3.600000000000039 -0 0 0 
-3.600000000000039 0 -0 -0 
-3.600000000000039 0 0 0 
-3.500000000000039 -0 0 0 
-3.500000000000039 0 -0 -0 
-3.500000000000039 0 0 0 
-3.400000000000039 -0 0 0 
-3.400000000000039 0 -0 -0 
-3.400000000000039 0 0 0 
-3.300000000000038 -0 0 -1.110223024625157e-15 
-3.300000000000038 0 -0 1.110223024625157e-15 
-3.300000000000038 0 0 0 
-3.200000000000038 -0 0 0 
-3.200000000000038 0 -0 -0 
-3.200000000000038 0 0 0 
-3.100000000000038 -0 0 0 
-3.100000000000038 0 -0 -0 
-3.100000000000038 0 0 0 
-3.000000000000038 -0 0 0 
-3.000000000000038 0 -0 -0 
-3.000000000000038 0 0 0 
-2.900000000000038 -0 0 0 
-2.900000000000038 0 -0 -0 
-2.900000000000038 0 0 0 
-2.800000000000038 -0 0 0 
-2.800000000000038 0 -0 -0 
-2.800000000000038 0 0 0 
-2.700000000000038 -0 0 0 
-2.700000000000038 0 -0 -0 
-2.700000000000038 0 0 0 
-2.600000000000038 1.110223024625157e-15 -7.850462293418875e-16 0 
-2.600000000000038 -1.110223024625157e-15 7.850462293418875e-16 -0 
-2.600000000000038 0 0 0 
-2.500000000000038 4.996003610813204e-15 -2.747661802696606e-15 0 
-2.500000000000038 -4.996003610813204e-15 2.747661802696606e-15 -0 
-2.500000000000038 0 0 0 
-2.400000000000038 -6.106226635438361e-15 3.925231146709437e-15 0 
-2.400000000000038 6.106226635438361e-15 -3.925231146709437e-15 -0 
-2.400000000000038 0 0 0 
-2.300000000000038 -4.274358644806853e-14 2.747661802696606e-14 0 
-2.300000000000038 4.274358644806853e-14 -2.747661802696606e-14 -0 
-2.300000000000038 0 0 0 
-2.200000000000037 3.502198531180056e-11 4.368782266287604e-13 0 
-2.200000000000037 -3.502198531180056e-11 -4.368782266287604e-13 -0 
-2.200000000000037 0 0 0 
-2.100000000000037 5.773159728050814e-14 -4.474763507248758e-14 0 
-2.100000000000037 -5.773159728050814e-14 4.474763507248758e-14 -0 
-2.100000000000037 0 0 0 
-2.000000000000037 1.093569679255779e-13 -9.185040883300083e-14 0 
-2.000000000000037 -1.093569679255779e-13 9.185040883300083e-14 -0 
-2.000000000000037 0 0 0 
-1.900000000000037 -1.071365218763276e-13 9.852330178240687e-14 0 
-1.900000000000037 1.071365218763276e-13 -9.852330178240687e-14 -0 
-1.900000000000037 0 0 0 
-1.800000000000037 -2.197630966094266e-11 2.226783629528264e-11 0 
-1.800000000000037 2.197630966094266e-11 -2.226783629528264e-11 -0 
-1.800000000000037 0 0 0 
-1.700000000000037 1.841859997853135e-12 -2.054073459073048e-12 0 
-1.700000000000037 -1.841859997853135e-12 2.054073459073048e-12 -0 
-1.700000000000037 0 0 0 
-1.600000000000037 -7.468470286653428e-12 9.203881992804288e-12 0 
-1.600000000000037 7.468470286653428e-12 -9.203881992804288e-12 -0 
-1.600000000000037 0 0 0 
-1.500000000000037 5.011879800065344e-11 2.479686272310753e-11 0 
-1.500000000000037 -5.011879800065344e-11 -2.479686272310753e-11 -0 
-1.500000000000037 0 0 0 
-1.400000000000037 5.349831688761242e-11 1.939574466523534e-11 0 
-1.400000000000037 -5.349831688761242e-11 -1.939574466523534e-11 -0 
-1.400000000000037 0 0 0 
-1.300000000000037 7.923661726749742e-12 -1.331634666521177e-11 0 
-1.300000000000037 -7.923661726749742e-12 1.331634666521177e-11 -0 
-1.300000000000037 0 0 0 
-1.200000000000037 4.241718087882873e-11 -1.823466129203869e-11 0 
-1.200000000000037 -4.241718087882873e-11 1.823466129203869e-11 -0 
-1.200000000000037 0 0 0 
-1.100000000000037 -3.443911822387236e-12 7.138425363405783e-12 0 
-1.100000000000037 3.443911822387236e-12 -7.138425363405783e-12 -0 
-1.100000000000037 0 0 0 
-1.000000000000036 4.032885136950881e-12 -9.238816550010003e-12 0 
-1.000000000000036 -4.032885136950881e-12 9.238816550010003e-12 -0 
-1.000000000000036 0 0 0 
-0.9000000000000364 2.425337708444886e-11 -7.164488898219933e-11 -1.110223024625157e-15 
-0.9000000000000364 -2.425337708444886e-11 7.164488898219933e-11 1.110223024625157e-15 
-0.9000000000000364 0 0 0 
-0.8000000000000365 3.645972412869014e-11 8.568897350201104e-11 -2.220446049250313e-15 
-0.8000000000000365 -3.645972412869014e-11 -8.568897350201104e-11 2.220446049250313e-15 
-0.8000000000000365 0 0 0 
-0.7000000000000365 1.405126015541214e-10 5.531317975008538e-11 0 
-0.7000000000000365 -1.405126015541214e-10 -5.531317975008538e-11 -0 
-0.7000000000000365 0 0 0 
-0.6000000000000365 4.891254068439821e-11 2.984981277826658e-11 0 
-0.6000000000000365 -4.891254068439821e-11 -2.984981277826658e-11 -0 
-0.6000000000000365 0 0 0 
-0.5000000000000365 -3.222450084550132e-11 4.135819797730399e-12 0 
-0.5000000000000365 3.222450084550132e-11 -4.135819797730399e-12 -0 
-0.5000000000000365 0 0 0 
-0.4000000000000365 3.744587973031344e-11 -1.081106788582447e-11 0 
-0.4000000000000365 -3.744587973031344e-11 1.081106788582447e-11 -0 
-0.4000000000000365 0 0 0 
-0.3000000000000366 1.644626832719353 -1.64462683206616 -4.745093207247919e-12 
-0.3000000000000366 -1.644626832719353 1.64462683206616 4.745093207247919e-12 
-0.3000000000000366 0 0 0 
-0.2000000000000366 1.465034485965823 -1.465034486466593 -8.074652058098764e-12 
-0.2000000000000366 -1.465034485965823 1.465034486466593 8.074652058098764e-12 
-0.2000000000000366 0 0 0 
-0.1000000000000366 1.244253670723861 -1.244253670994902 -7.928657730360555e-12 
-0.1000000000000366 -1.244253670723861 1.244253670994902 7.928657730360555e-12 
-0.1000000000000366 0 0 0 
-3.655409308578328e-14 0.9493407534078471 -0.9493407540546418 -4.353739591067551e-12 
-3.655409308578328e-14 -0.9493407534078471 0.9493407540546418 4.353739591067551e-12 
-3.655409308578328e-14 0 0 0 
0.09999999999996345 0.4334730870111073 -0.4365321666302395 -3.035627305081334e-12 
0.09999999999996345 -0.4334730870111073 0.4365321666302395 3.035627305081334e-12 
0.09999999999996345 0 0 0 
0.1999999999999635 0.0001233610990591938 -8.607230965577186e-05 -2.277067423506196e-12 
0.1999999999999635 -0.0001233610990591938 8.607230965577186e-05 2.277067423506196e-12 
0.1999999999999635 0 0 0 
0.2999999999999635 1.280385542035134e-07 -6.42809549679224e-08 -1.399158566783854e-12 
0.2999999999999635 -1.280385542035134e-07 6.42809549679224e-08 1.399158566783854e-12 
0.2999999999999635 0 0 0 
0.3999999999999635 3.768124423597641e-09 -3.475232834972801e-09 -1.063871213347056e-12 
0.3999999999999635 -3.768124423597641e-09 3.475232834972801e-09 1.063871213347056e-12 
0.3999999999999635 0 0 0 
0.4999999999999635 2.545358646077744e-09 -1.970049764885029e-09 -9.908740494779522e-13 
0.4999999999999635 -2.545358646077744e-09 1.970049764885029e-09 9.908740494779522e-13 
0.4999999999999635 0 0 0 
0.5999999999999635 1.905802737844908e-09 -1.470374120278752e-09 -8.743006318923108e-13 
0.5999999999999635 -1.905802737844908e-09 1.470374120278752e-09 8.743006318923108e-13 
0.5999999999999635 0 0 0 
0.6999999999999634 1.027624096927582e-09 -1.069015310296566e-09 -8.95672425116345e-13 
0.6999999999999634 -1.027624096927582e-09 1.069015310296566e-09 8.95672425116345e-13 
0.6999999999999634 0 0 0 
0.7999999999999634 1.057863519005053e-09 -7.061828402808895e-10 -9.345302309782255e-13 
0.7999999999999634 -1.057863519005053e-09 7.061828402808895e-10 9.345302309782255e-13 
0.7999999999999634 0 0 0 
0.8999999999999634 6.571684862954896e-10 -5.422712717025808e-10 -5.040412531798211e-13 
0.8999999999999634 -6.571684862954896e-10 5.422712717025808e-10 5.040412531798211e-13 
0.8999999999999634 0 0 0 
0.9999999999999634 8.504252857477468e-10 -4.770296122900086e-10 -6.425415755018093e-13 
0.9999999999999634 -8.504252857477468e-10 4.770296122900086e-10 6.425415755018093e-13 
0.9999999999999634 0 0 0 
1.099999999999963 6.375208694286982e-10 -3.758667888229969e-10 -6.158962229108056e-13 
1.099999999999963 -6.375208694286982e-10 3.758667888229969e-10 6.158962229108056e-13 
1.099999999999963 0 0 0 
1.199999999999964 3.169653428614083e-10 -3.817379533106876e-10 -3.905209489118988e-13 
1.199999999999964 -3.169653428614083e-10 3.817379533106876e-10 3.905209489118988e-13 
1.199999999999964 0 0 0 
1.299999999999964 3.304712059559733e-10 -2.590858631463431e-10 -2.967071033310731e-13 
1.299999999999964 -3.304712059559733e-10 2.590858631463431e-10 2.967071033310731e-13 
1.299999999999964 0 0 0 
1.399999999999964 2.30673258272418e-10 -1.337169242438037e-10 -2.692290834716005e-13 
1.399999999999964 -2.30673258272418e-10 1.337169242438037e-10 2.692290834716005e-13 
1.399999999999964 0 0 0 
1.499999999999964 3.783170998694629e-10 -1.520558004227875e-10 -6.583622536027178e-13 
1.499999999999964 -3.783170998694629e-10 1.520558004227875e-10 6.583622536027178e-13 
1.499999999999964 0 0 0 
1.599999999999964 3.213054822204242e-10 -2.507496534985189e-10 -3.81084053202585e-13 
1.599999999999964 -3.213054822204242e-10 2.507496534985189e-10 3.81084053202585e-13 
1.599999999999964 0 0 0 
1.699999999999964 2.434749624136145e-10 -1.075782212531936e-10 -2.417510636121278e-13 
1.699999999999964 -2.434749624136145e-10 1.075782212531936e-10 2.417510636121278e-13 
1.699999999999964 0 0 0 
1.799999999999964 9.495293440409114e-11 -9.347780966642656e-11 -1.681987882307112e-13 
1.799999999999964 -9.495293440409114e-11 9.347780966642656e-11 1.681987882307112e-13 
1.799999999999964 0 0 0 
1.899999999999964 9.046208226948238e-11 -1.129820869728684e-10 -3.430589146091734e-13 
1.899999999999964 -9.046208226948238e-11 1.129820869728684e-10 3.430589146091734e-13 
1.899999999999964 0 0 0 
1.999999999999964 4.015870969098501e-11 -5.764751471303348e-11 -1.082467449009528e-13 
1.999999999999964 -4.015870969098501e-11 5.764751471303348e-11 1.082467449009528e-13 
1.999999999999964 0 0 0 
2.099999999999964 5.323547158653241e-11 -3.155885841954388e-11 -9.936496070395151e-14 
2.099999999999964 -5.323547158653241e-11 3.155885841954388e-11 9.936496070395151e-14 
2.099999999999964 0 0 0 
2.199999999999964 2.202793503158773e-11 -2.100548195850088e-11 -9.992007221626409e-14 
2.199999999999964 -2.202793503158773e-11 2.100548195850088e-11 9.992007221626409e-14 
2.199999999999964 0 0 0 
2.299999999999964 3.00498514960168e-11 -1.168698321621268e-11 -1.107447467063594e-13 
2.299999999999964 -3.00498514960168e-11 1.168698321621268e-11 1.107447467063594e-13 
2.299999999999964 0 0 0 
2.399999999999964 1.983690989248998e-11 -4.512641987814504e-12 -1.332267629550188e-13 
2.399999999999964 -1.983690989248998e-11 4.512641987814504e-12 1.332267629550188e-13 
2.399999999999964 0 0 0 
2.499999999999964 1.204564226142679e-11 -1.250441260251492e-11 -5.218048215738236e-14 
2.499999999999964 -1.204564226142679e-11 1.250441260251492e-11 5.218048215738236e-14 
2.499999999999964 0 0 0 
2.599999999999965 1.534800064817432e-11 -8.991526987767308e-12 -7.16093850883226e-14 
2.599999999999965 -1.534800064817432e-11 8.991526987767308e-12 7.16093850883226e-14 
2.599999999999965 0 0 0 
2.699999999999965 8.48182635238004e-12 -1.773026908968653e-12 -2.914335439641036e-14 
2.699999999999965 -8.48182635238004e-12 1.773026908968653e-12 2.914335439641036e-14 
2.699999999999965 0 0 0 
2.799999999999965 8.870681966755001e-12 -1.741036275122971e-12 -4.662936703425657e-14 
2.799999999999965 -8.870681966755001e-12 1.741036275122971e-12 4.662936703425657e-14 
2.799999999999965 0 0 0 
2.899999999999965 2.106925744982391e-12 -7.72936891254289e-12 -2.026157019940911e-14 
2.899999999999965 -2.106925744982391e-12 7.72936891254289e-12 2.026157019940911e-14 
2.899999999999965 0 0 0 
2.999999999999965 2.532779541652985e-11 -1.084737627393153e-12 -1.515454428613339e-13 
2.999999999999965 -2.532779541652985e-11 1.084737627393153e-12 1.515454428613339e-13 
2.999999999999965 0 0 0 
3.099999999999965 2.014333144728653e-11 -8.187639648921217e-12 -7.244205235679146e-14 
3.099999999999965 -2.014333144728653e-11 8.187639648921217e-12 7.244205235679146e-14 
3.099999999999965 0 0 0 
3.199999999999965 1.349892420066112e-11 -2.18360608691446e-12 -3.469446951953614e-14 
3.199999999999965 -1.349892420066112e-11 2.18360608691446e-12 3.469446951953614e-14 
3.199999999999965 0 0 0 
3.299999999999965 6.550315845288424e-12 -7.521527923324624e-12 -7.771561172376096e-14 
3.299999999999965 -6.550315845288424e-12 7.521527923324624e-12 7.771561172376096e-14 
3.299999999999965 0 0 0 
3.399999999999965 6.235845173563348e-12 -9.850367562667332e-13 -3.969047313034935e-14 
3.399999999999965 -6.235845173563348e-12 9.850367562667332e-13 3.969047313034935e-14 
3.399999999999965 0 0 0 
3.499999999999965 2.282340982873166e-12 -6.356715580538599e-12 -2.026157019940911e-14 
3.499999999999965 -2.282340982873166e-12 6.356715580538599e-12 2.026157019940911e-14 
3.499999999999965 0 0 0 
3.599999999999965 7.291944825738028e-12 -8.726770146921757e-12 -5.245803791353865e-14 
3.599999999999965 -7.291944825738028e-12 8.726770146921757e-12 5.245803791353865e-14 
3.599999999999965 0 0 0 
3.699999999999966 8.326672684688674e-16 -1.962615573354719e-16 -5.551115123125783e-15 
3.699999999999966 -8.326672684688674e-16 1.962615573354719e-16 5.551115123125783e-15 
3.699999999999966 0 0 0 
3.799999999999966 1.110223024625157e-15 -5.887846720064156e-16 -2.775557561562891e-15 
3.799999999999966 -1.110223024625157e-15 5.887846720064156e-16 2.775557561562891e-15 
3.799999999999966 0 0 0 
3.899999999999966 -2.775557561562891e-16 0 -8.604228440844963e-15 
3.899999999999966 2.775557561562891e-16 -0 8.604228440844963e-15 
3.899999999999966 0 0 0 
3.999999999999966 3.789746294557972e-12 -4.943828629280536e-13 -2.747801985947262e-14 
3.999999999999966 -3.789746294557972e-12 4.943828629280536e-13 2.747801985947262e-14 
3.999999999999966 0 0 0 
4.099999999999966 6.694644838489694e-13 -3.218689540301738e-14 -1.498801083243961e-14 
4.099999999999966 -6.694644838489694e-13 3.218689540301738e-14 1.498801083243961e-14 
4.099999999999966 0 0 0 
4.199999999999966 -7.216449660063518e-15 2.355138688025662e-15 -8.881784197001252e-15 
4.199999999999966 7.216449660063518e-15 -2.355138688025662e-15 8.881784197001252e-15 
4.199999999999966 0 0 0 
4.299999999999965 1.137978600240785e-14 3.925231146709438e-15 -5.273559366969494e-15 
4.299999999999965 -1.137978600240785e-14 -3.925231146709438e-15 5.273559366969494e-15 
4.299999999999965 0 0 0 
4.399999999999965 1.637578961322106e-14 3.14018491736755e-15 -1.998401444325282e-14 
4.399999999999965 -1.637578961322106e-14 -3.14018491736755e-15 1.998401444325282e-14 
4.399999999999965 0 0 0 
4.499999999999964 3.608224830031759e-15 1.177569344012831e-15 -1.193489751472043e-14 
4.499999999999964 -3.608224830031759e-15 -1.177569344012831e-15 1.193489751472043e-14 
4.499999999999964 0 0 0 
4.599999999999964 4.743427872710981e-13 -1.825232483219888e-14 -7.216449660063518e-15 
4.599999999999964 -4.743427872710981e-13 1.825232483219888e-14 7.216449660063518e-15 
4.599999999999964 0 0 0 
4.699999999999964 1.748601263784622e-14 1.766354016019247e-15 -4.440892098500626e-15 
4.699999999999964 -1.748601263784622e-14 -1.766354016019247e-15 4.440892098500626e-15 
4.699999999999964 0 0 0 
4.799999999999963 9.386935673205699e-13 -3.002801827232719e-14 -3.05311331771918e-15 
4.799999999999963 -9.386935673205699e-13 3.002801827232719e-14 3.05311331771918e-15 
4.799999999999963 0 0 0 
4.899999999999963 4.862776847858186e-13 -1.432709368548944e-14 -1.360023205165817e-14 
4.899999999999963 -4.862776847858186e-13 1.432709368548944e-14 1.360023205165817e-14 
4.899999999999963 0 0 0 
4.999999999999963 2.829958489769524e-12 2.231101383789644e-12 -8.881784197001252e-15 
4.999999999999963 -2.829958489769524e-12 -2.231101383789644e-12 8.881784197001252e-15 
4.999999999999963 0 0 0 


