-9.982347928329778 -10.07286252006344 -10.22642125403583 -10.34699496077764 -10.34919178089285 -10.18600773079496 -9.84247458570313 -9.404058070130297 -9.300625122855941 -9.699960915716463 -10.1068693344513 -10.32122250456043 -10.35403818723535 -10.25365430030571 -10.10079729960251 -9.993336301403634 
-10.07286251151571 -10.12030572041514 -10.29027922190759 -10.45244388556403 -10.49886706071952 -10.39654199805339 -10.14832940837157 -9.787666494605382 -9.557191608078766 -9.834558676288065 -10.24177501908109 -10.44349952868289 -10.4542199317227 -10.34138130291048 -10.18718383651094 -10.08080845204876 
-10.22642125352597 -10.29027922133909 -10.35403289886043 -10.51648712149792 -10.64655215368739 -10.64775054166964 -10.5264003418105 -10.30779603702409 -10.06104454744705 -10.13240003597679 -10.47542934385604 -10.63701520292031 -10.61553464075184 -10.49140898776489 -10.33819255209952 -10.23193731863659 
-10.3469949608344 -10.45244388517582 -10.51648712320911 -10.52187235386964 -10.60880770424763 -10.69427851372166 -10.70183600078978 -10.64261602988474 -10.52481484845978 -31 -10.66147639524538 -10.79546115506055 -10.75675474222568 -10.62836809135032 -10.46923527047939 -10.3520719432128 
-10.34919178090549 -10.4988670604401 -10.64655215294028 -10.60880770425328 -10.48602991782202 -10.4767740124113 -10.54521161779805 -10.61569751929102 -10.67427682389271 -10.68529313313318 -10.73239620880089 -10.86574495699619 -10.82067074961641 -10.68151299638991 -10.49653181788335 -10.35394804958418 
-10.18600773088891 -10.39654199781927 -10.64775054178764 -10.69427851382184 -10.47677401229808 -10.20911089210036 -10.13394379893485 -10.23222271225553 -10.39906397047854 -10.57504603598228 -10.71763006540457 -10.78055424070615 -10.73324403087368 -10.57250732418118 -10.34737537415942 -10.1796546947953 
-9.842474585691923 -10.14832940849714 -10.5264003416241 -10.70183600132319 -10.54521161795483 -10.13394379845136 -9.764955897601624 -9.692915217149274 -9.883880141922551 -10.19138747448743 -10.5387672704369 -10.70630616042228 -10.50481305487585 -10.26061173045493 -9.980587157107911 -9.802457028212805 
-9.404058070030459 -9.787666494622691 -10.30779603689629 -10.64261603027748 -10.6156975193097 -10.23222271207602 -9.692915217376989 -31 -9.422199744693888 -9.835901866776492 -10.34363742257733 -10.66642589043987 -10.56520694406359 -10.13824243278856 -9.656942518779598 -9.369763373849626 
-9.300625122914358 -9.557191607988166 -10.06104454721527 -10.52481484839865 -10.67427682385059 -10.39906397056232 -9.883880141925232 -9.422199744788978 -31 -9.609535547501242 -10.15525714211725 -10.58033119060558 -10.65757283931434 -10.353098616688 -9.823953736422396 -9.383922879101377 
-9.699960915854943 -9.834558676103919 -10.13240003589621 -10.43389921668074 -10.68529313337789 -10.5750460356065 -10.19138747441806 -9.835901866576345 -9.609535547783207 -31 -10.04462167973493 -10.49119790226893 -10.69579424151965 -10.55486404612471 -10.16898734570771 -9.798180950148129 
-10.10686933430507 -10.24177501891744 -10.47542934378203 -10.66147639541269 -10.73239620874552 -10.71763006533801 -10.53876727083246 -10.34363742270045 -10.15525714176843 -31 -10.12630781385366 -10.42051015073682 -10.67956260175244 -10.66927936403034 -10.4195197775308 -10.15919301867245 
-10.32122250458715 -10.44349952884418 -10.63701520283304 -10.79546115515057 -10.86574495701605 -10.7805542405559 -10.70630615997974 -10.6664258906104 -10.58033119045387 -10.49119790242014 -10.42051015086858 -10.44734223900733 -10.60098995056493 -10.67144137806047 -10.5333491043178 -10.34983764981841 
-10.35403818715315 -10.45421993013694 -10.61553464108613 -10.75675474193144 -10.82067074970021 -10.73324403074637 -10.5048130548842 -10.56520694375294 -10.65757283931167 -10.69579424136732 -10.67956260158783 -10.60098995070306 -10.53421835597828 -10.55105329082098 -10.49981465029589 -10.3745007056715 
-10.25365430027248 -10.34138130295917 -10.49140898790664 -10.62836809124352 -10.68151299616941 -10.57250732425901 -10.26061173045492 -10.13824243293237 -10.3530986166814 -10.55486404604391 -10.6692793639482 -10.67144137823959 -10.55105329094677 -31 -10.34133888040129 -10.26924631354282 
-10.10079729952338 -10.18718383645086 -10.3381925517606 -10.46923527062391 -10.49653181801715 -10.3473753739711 -9.980587157531826 -9.656942518740184 -9.823953736730743 -10.16898734550144 -10.41951977746425 -10.53334910440958 -10.49981465028053 -10.34133888088593 -10.16589597174059 -10.11061825060112 
-9.99333630302829 -10.08080844864033 -10.23193731879063 -10.35207194217428 -10.35394804953711 -10.17965469394372 -9.802457028199672 -9.369763373989004 -9.383922879029507 -9.798180950098146 -10.15919301868442 -10.34983765118573 -10.37450070570304 -10.26924631324533 -10.11061825040863 -9.996975028889695 
